4
0,0
1,0
1,1
0,1
1
4 0 1 2 3
0,359483119324782422855184415084762631944890544452490810050891598629937/18377706431906235587695930582371535658336213332956146385701363490144750
1,359483119324782422855184415084762631944890544452490810050891598629937/18377706431906235587695930582371535658336213332956146385701363490144750
1,18737189551231018010551114997456298290281103877408637195752255088774687/18377706431906235587695930582371535658336213332956146385701363490144750
0,18737189551231018010551114997456298290281103877408637195752255088774687/18377706431906235587695930582371535658336213332956146385701363490144750