12
0,1
1/14802282961060823157447061954456455217326,0
0,1/473964725354164288292639914797866792673
7/17,0
2/3,0
1,0
1,1/3
1,10/17
1,14802282961060823157447061954456455217325/14802282961060823157447061954456455217326
473964725354164288292639914797866792672/473964725354164288292639914797866792673,1
0,0
1,1
8
3 10 1 2
4 1 3 0 2
3 3 4 0
3 4 5 0
3 5 6 0
3 6 7 0
4 7 8 9 0
3 8 11 9
1,0
0,1/14802282961060823157447061954456455217326
1/473964725354164288292639914797866792673,0
0,7/17
0,2/3
-4/13,7/13
0,2/3
0,7/17
0,1/14802282961060823157447061954456455217326
1/473964725354164288292639914797866792673,0
26/6015888423620298337671311472401693086539105,116/859412631945756905381615924628813298077015
26/6015888423620298337671311472401693086539105,116/859412631945756905381615924628813298077015