12
0,1
1/1512633014044183232348,0
0,1/48752109337660957837
7/17,0
2/3,0
1,0
1,1/3
1,10/17
1,1512633014044183232347/1512633014044183232348
48752109337660957836/48752109337660957837,1
0,0
1,1
8
3 10 1 2
4 1 3 0 2
3 3 4 0
3 4 5 0
3 5 6 0
3 6 7 0
4 7 8 9 0
3 8 11 9
1,0
0,1/1512633014044183232348
1/48752109337660957837,0
0,7/17
0,2/3
-4/13,7/13
0,2/3
0,7/17
0,1/1512633014044183232348
1/48752109337660957837,0
74/1738306528168215806175473,328/248329504024030829453639
74/1738306528168215806175473,328/248329504024030829453639