4
0,0
1,0
1,1
0,1
1
4 0 1 2 3
0,-2464979163268241560334058237479840531696413502746716939312402850475227173474682498774401960042416598446774751158395724340941009676764/11541759136875335596543717475484129107587223043701617146967879108980085716174223229676492785305747047843227144208953433854498169862961
1,-2464979163268241560334058237479840531696413502746716939312402850475227173474682498774401960042416598446774751158395724340941009676764/11541759136875335596543717475484129107587223043701617146967879108980085716174223229676492785305747047843227144208953433854498169862961
1,9076779973607094036209659238004288575890809540954900207655476258504858542699540730902090825263330449396452393050557709513557160186197/11541759136875335596543717475484129107587223043701617146967879108980085716174223229676492785305747047843227144208953433854498169862961
0,9076779973607094036209659238004288575890809540954900207655476258504858542699540730902090825263330449396452393050557709513557160186197/11541759136875335596543717475484129107587223043701617146967879108980085716174223229676492785305747047843227144208953433854498169862961