4
0,0
1,0
1,1
0,1
1
4 0 1 2 3
0,2026361512767441299142070012587130756440596857045698221460007551417386516505804798107247091283886387911820736233823837784231118489351/10971665226767812293075650242008727424636718549222941044874123395200169493145104144353014307126359982040531385661530991934199739352342
1,2026361512767441299142070012587130756440596857045698221460007551417386516505804798107247091283886387911820736233823837784231118489351/10971665226767812293075650242008727424636718549222941044874123395200169493145104144353014307126359982040531385661530991934199739352342
1,12998026739535253592217720254595858181077315406268639266334130946617556009650908942460261398410246369952352121895354829718430857841693/10971665226767812293075650242008727424636718549222941044874123395200169493145104144353014307126359982040531385661530991934199739352342
0,12998026739535253592217720254595858181077315406268639266334130946617556009650908942460261398410246369952352121895354829718430857841693/10971665226767812293075650242008727424636718549222941044874123395200169493145104144353014307126359982040531385661530991934199739352342