8
1744242834977/2045991475902,0
1807758657863/2045991475902,1
0,1
0,0
89059264404391483021/116129258572330293384,1
1,1
1,0
1,38429632277707087875/38709752857443431128
2
5 2 3 0 1 4
5 5 1 0 6 7
0,1744242834977/2045991475902
1,1807758657863/2045991475902
1,0
0,0
1,89059264404391483021/116129258572330293384
39064557056656351103/38784436476920007850,89283315262821213187/116353309430760023550
14192167968516799/1551377459076800314,3282644768216598013/4654132377230400942
1,89059264404391483021/116129258572330293384