8
1/2,0
1,1/2
1/2,1
0,1/2
0,0
0,1
1,1
1,0
5
4 0 1 2 3
3 4 0 3
3 2 5 3
3 1 6 2
3 0 7 1
6075636034128715/8192,626965006245256694985573940665705945083992202081/2
6075636034132811/8192,313482503122628347492786970332852972541996101041
6075636034128715/8192,626965006245256694985573940665705945083992202083/2
6075636034124619/8192,313482503122628347492786970332852972541996101041
6075636034128715/8192,313482503122628347492786970332852972541996101041
6075636034128715/8192,313482503122628347492786970332852972541996101041
6075636034128715/8192,313482503122628347492786970332852972541996101041
6075636034128715/8192,313482503122628347492786970332852972541996101041