100
67042799/89390393,78216596/89390393
78216596/89390393,67042799/89390393
67042799/89390393,55869002/89390393
78216596/89390393,44695205/89390393
67042799/89390393,33521408/89390393
78216596/89390393,22347611/89390393
67042799/89390393,11173814/89390393
55869002/89390393,67042799/89390393
55869002/89390393,44695205/89390393
55869002/89390393,22347611/89390393
44695205/89390393,78216596/89390393
44695205/89390393,55869002/89390393
44695205/89390393,33521408/89390393
44695205/89390393,11173814/89390393
33521408/89390393,67042799/89390393
33521408/89390393,44695205/89390393
33521408/89390393,22347611/89390393
22347611/89390393,78216596/89390393
22347611/89390393,55869002/89390393
22347611/89390393,33521408/89390393
22347611/89390393,11173814/89390393
11173814/89390393,67042799/89390393
11173814/89390393,44695205/89390393
11173814/89390393,22347611/89390393
78216596/89390393,17/89390393
55869002/89390393,17/89390393
33521408/89390393,17/89390393
11173814/89390393,17/89390393
17/89390393,78216596/89390393
17/89390393,55869002/89390393
17/89390393,33521408/89390393
17/89390393,11173814/89390393
1,78216596/89390393
78216596/89390393,1
78216596/89390393,78216596/89390393
1,55869002/89390393
78216596/89390393,55869002/89390393
1,33521408/89390393
78216596/89390393,33521408/89390393
1,11173814/89390393
78216596/89390393,11173814/89390393
55869002/89390393,1
67042799/89390393,67042799/89390393
67042799/89390393,44695205/89390393
67042799/89390393,22347611/89390393
67042799/89390393,17/89390393
55869002/89390393,78216596/89390393
55869002/89390393,55869002/89390393
55869002/89390393,33521408/89390393
55869002/89390393,11173814/89390393
33521408/89390393,1
44695205/89390393,67042799/89390393
44695205/89390393,44695205/89390393
44695205/89390393,22347611/89390393
44695205/89390393,17/89390393
33521408/89390393,78216596/89390393
33521408/89390393,55869002/89390393
33521408/89390393,33521408/89390393
33521408/89390393,11173814/89390393
11173814/89390393,1
22347611/89390393,67042799/89390393
22347611/89390393,44695205/89390393
22347611/89390393,22347611/89390393
22347611/89390393,17/89390393
11173814/89390393,78216596/89390393
11173814/89390393,55869002/89390393
11173814/89390393,33521408/89390393
11173814/89390393,11173814/89390393
17/89390393,67042799/89390393
17/89390393,44695205/89390393
17/89390393,22347611/89390393
17/89390393,17/89390393
1,67042799/89390393
1,44695205/89390393
1,22347611/89390393
1,17/89390393
78216596/89390393,0
67042799/89390393,1
67042799/89390393,0
55869002/89390393,0
44695205/89390393,1
44695205/89390393,0
33521408/89390393,0
22347611/89390393,1
22347611/89390393,0
11173814/89390393,0
17/89390393,1
0,78216596/89390393
0,67042799/89390393
0,55869002/89390393
0,44695205/89390393
0,33521408/89390393
0,22347611/89390393
0,11173814/89390393
0,17/89390393
17/89390393,0
1,1
1,0
0,1
0,0
145
3 96 32 33
3 32 33 34
3 33 34 0
3 32 1 34
3 32 72 1
3 72 35 1
3 34 1 0
3 35 1 36
3 1 36 2
3 35 3 36
3 35 73 3
3 73 37 3
3 36 3 2
3 37 3 38
3 3 38 4
3 37 5 38
3 37 74 5
3 74 39 5
3 38 5 4
3 39 5 40
3 5 40 6
3 39 24 40
3 39 75 24
4 97 76 24 75
3 40 24 6
3 33 0 77
3 77 0 41
3 1 0 42
3 0 42 7
3 1 2 42
3 42 2 7
3 3 2 43
3 2 43 8
3 3 4 43
3 43 4 8
3 5 4 44
3 4 44 9
3 5 6 44
3 44 6 9
3 24 6 45
3 6 45 25
4 76 78 45 24
3 0 41 46
3 41 46 10
3 0 7 46
3 46 7 10
3 2 7 47
3 7 47 11
3 2 8 47
3 47 8 11
3 4 8 48
3 8 48 12
3 4 9 48
3 48 9 12
3 6 9 49
3 9 49 13
3 6 25 49
4 78 79 25 45
3 49 25 13
3 41 10 80
3 80 10 50
3 7 10 51
3 10 51 14
3 7 11 51
3 51 11 14
3 8 11 52
3 11 52 15
3 8 12 52
3 52 12 15
3 9 12 53
3 12 53 16
3 9 13 53
3 53 13 16
3 25 13 54
3 13 54 26
4 79 81 54 25
3 10 50 55
3 50 55 17
3 10 14 55
3 55 14 17
3 11 14 56
3 14 56 18
3 11 15 56
3 56 15 18
3 12 15 57
3 15 57 19
3 12 16 57
3 57 16 19
3 13 16 58
3 16 58 20
3 13 26 58
4 81 82 26 54
3 58 26 20
3 50 17 83
3 83 17 59
3 14 17 60
3 17 60 21
3 14 18 60
3 60 18 21
3 15 18 61
3 18 61 22
3 15 19 61
3 61 19 22
3 16 19 62
3 19 62 23
3 16 20 62
3 62 20 23
3 26 20 63
3 20 63 27
4 82 84 63 26
3 17 59 64
3 59 64 28
3 17 21 64
3 64 21 28
3 18 21 65
3 21 65 29
3 18 22 65
3 65 22 29
3 19 22 66
3 22 66 30
3 19 23 66
3 66 23 30
3 20 23 67
3 23 67 31
3 20 27 67
4 84 85 27 63
3 67 27 31
3 59 28 86
4 98 87 28 86
3 21 28 68
4 87 88 68 28
3 21 29 68
4 88 89 29 68
3 22 29 69
4 89 90 69 29
3 22 30 69
4 90 91 30 69
3 23 30 70
4 91 92 70 30
3 23 31 70
4 92 93 31 70
3 27 31 71
4 93 94 71 31
4 85 95 71 27
4 71 95 99 94
11173797/89390393,0
0,11173797/89390393
11173797/89390393,0
0,11173797/89390393
11173797/89390393,0
0,11173797/89390393
11173797/89390393,0
0,11173797/89390393
0,11173797/89390393
0,11173797/89390393
11173797/89390393,0
11173797/89390393,0
11173797/89390393,0
11173797/89390393,0
0,11173797/89390393
0,11173797/89390393
0,11173797/89390393
11173797/89390393,0
11173797/89390393,0
11173797/89390393,0
11173797/89390393,0
0,11173797/89390393
0,11173797/89390393
0,11173797/89390393
0,11173797/89390393
0,11173797/89390393
0,11173797/89390393
0,11173797/89390393
11173797/89390393,0
11173797/89390393,0
11173797/89390393,0
11173797/89390393,0
11173797/89390393,0
0,11173797/89390393
0,0
11173797/89390393,0
0,0
11173797/89390393,0
0,0
11173797/89390393,0
0,0
0,11173797/89390393
0,0
0,0
0,0
0,0
0,0
0,0
0,0
0,0
0,11173797/89390393
0,0
0,0
0,0
0,0
0,0
0,0
0,0
0,0
0,11173797/89390393
0,0
0,0
0,0
0,0
0,0
0,0
0,0
0,0
0,0
0,0
0,0
0,0
0,0
0,0
0,0
0,0
17/89390393,11173797/89390393
0,0
17/89390393,0
17/89390393,11173797/89390393
0,0
17/89390393,0
17/89390393,11173797/89390393
0,0
17/89390393,0
17/89390393,11173797/89390393
0,0
11173797/89390393,17/89390393
0,17/89390393
11173797/89390393,17/89390393
0,17/89390393
11173797/89390393,17/89390393
0,17/89390393
11173797/89390393,17/89390393
0,17/89390393
17/89390393,0
0,0
17/89390393,0
0,17/89390393
17/89390393,17/89390393