64
796767999197865/1195151998796239,995959998997052/1195151998796239
995959998997052/1195151998796239,796767999197865/1195151998796239
796767999197865/1195151998796239,597575999398678/1195151998796239
995959998997052/1195151998796239,398383999599491/1195151998796239
796767999197865/1195151998796239,199191999800304/1195151998796239
597575999398678/1195151998796239,796767999197865/1195151998796239
597575999398678/1195151998796239,398383999599491/1195151998796239
398383999599491/1195151998796239,995959998997052/1195151998796239
398383999599491/1195151998796239,597575999398678/1195151998796239
398383999599491/1195151998796239,199191999800304/1195151998796239
199191999800304/1195151998796239,796767999197865/1195151998796239
199191999800304/1195151998796239,398383999599491/1195151998796239
995959998997052/1195151998796239,1117/1195151998796239
597575999398678/1195151998796239,1117/1195151998796239
199191999800304/1195151998796239,1117/1195151998796239
1117/1195151998796239,995959998997052/1195151998796239
1117/1195151998796239,597575999398678/1195151998796239
1117/1195151998796239,199191999800304/1195151998796239
1,995959998997052/1195151998796239
995959998997052/1195151998796239,1
995959998997052/1195151998796239,995959998997052/1195151998796239
1,597575999398678/1195151998796239
995959998997052/1195151998796239,597575999398678/1195151998796239
1,199191999800304/1195151998796239
995959998997052/1195151998796239,199191999800304/1195151998796239
597575999398678/1195151998796239,1
796767999197865/1195151998796239,796767999197865/1195151998796239
796767999197865/1195151998796239,398383999599491/1195151998796239
796767999197865/1195151998796239,1117/1195151998796239
597575999398678/1195151998796239,995959998997052/1195151998796239
597575999398678/1195151998796239,597575999398678/1195151998796239
597575999398678/1195151998796239,199191999800304/1195151998796239
199191999800304/1195151998796239,1
398383999599491/1195151998796239,796767999197865/1195151998796239
398383999599491/1195151998796239,398383999599491/1195151998796239
398383999599491/1195151998796239,1117/1195151998796239
199191999800304/1195151998796239,995959998997052/1195151998796239
199191999800304/1195151998796239,597575999398678/1195151998796239
199191999800304/1195151998796239,199191999800304/1195151998796239
1117/1195151998796239,796767999197865/1195151998796239
1117/1195151998796239,398383999599491/1195151998796239
1117/1195151998796239,1117/1195151998796239
1,796767999197865/1195151998796239
1,398383999599491/1195151998796239
1,1117/1195151998796239
995959998997052/1195151998796239,0
796767999197865/1195151998796239,1
796767999197865/1195151998796239,0
597575999398678/1195151998796239,0
398383999599491/1195151998796239,1
398383999599491/1195151998796239,0
199191999800304/1195151998796239,0
1117/1195151998796239,1
0,995959998997052/1195151998796239
0,796767999197865/1195151998796239
0,597575999398678/1195151998796239
0,398383999599491/1195151998796239
0,199191999800304/1195151998796239
0,1117/1195151998796239
1117/1195151998796239,0
1,1
1,0
0,1
0,0
85
3 60 18 19
3 18 19 20
3 19 20 0
3 18 1 20
3 18 42 1
3 42 21 1
3 20 1 0
3 21 1 22
3 1 22 2
3 21 3 22
3 21 43 3
3 43 23 3
3 22 3 2
3 23 3 24
3 3 24 4
3 23 12 24
3 23 44 12
4 61 45 12 44
3 24 12 4
3 19 0 46
3 46 0 25
3 1 0 26
3 0 26 5
3 1 2 26
3 26 2 5
3 3 2 27
3 2 27 6
3 3 4 27
3 27 4 6
3 12 4 28
3 4 28 13
4 45 47 28 12
3 0 25 29
3 25 29 7
3 0 5 29
3 29 5 7
3 2 5 30
3 5 30 8
3 2 6 30
3 30 6 8
3 4 6 31
3 6 31 9
3 4 13 31
4 47 48 13 28
3 31 13 9
3 25 7 49
3 49 7 32
3 5 7 33
3 7 33 10
3 5 8 33
3 33 8 10
3 6 8 34
3 8 34 11
3 6 9 34
3 34 9 11
3 13 9 35
3 9 35 14
4 48 50 35 13
3 7 32 36
3 32 36 15
3 7 10 36
3 36 10 15
3 8 10 37
3 10 37 16
3 8 11 37
3 37 11 16
3 9 11 38
3 11 38 17
3 9 14 38
4 50 51 14 35
3 38 14 17
3 32 15 52
4 62 53 15 52
3 10 15 39
4 53 54 39 15
3 10 16 39
4 54 55 16 39
3 11 16 40
4 55 56 40 16
3 11 17 40
4 56 57 17 40
3 14 17 41
4 57 58 41 17
4 51 59 41 14
4 41 59 63 58
199191999799187/1195151998796239,0
0,199191999799187/1195151998796239
199191999799187/1195151998796239,0
0,199191999799187/1195151998796239
199191999799187/1195151998796239,0
0,199191999799187/1195151998796239
0,199191999799187/1195151998796239
199191999799187/1195151998796239,0
199191999799187/1195151998796239,0
199191999799187/1195151998796239,0
0,199191999799187/1195151998796239
0,199191999799187/1195151998796239
0,199191999799187/1195151998796239
0,199191999799187/1195151998796239
0,199191999799187/1195151998796239
199191999799187/1195151998796239,0
199191999799187/1195151998796239,0
199191999799187/1195151998796239,0
199191999799187/1195151998796239,0
0,199191999799187/1195151998796239
0,0
199191999799187/1195151998796239,0
0,0
199191999799187/1195151998796239,0
0,0
0,199191999799187/1195151998796239
0,0
0,0
0,0
0,0
0,0
0,0
0,199191999799187/1195151998796239
0,0
0,0
0,0
0,0
0,0
0,0
0,0
0,0
0,0
0,0
0,0
0,0
1117/1195151998796239,199191999799187/1195151998796239
0,0
1117/1195151998796239,0
1117/1195151998796239,199191999799187/1195151998796239
0,0
1117/1195151998796239,0
1117/1195151998796239,199191999799187/1195151998796239
0,0
199191999799187/1195151998796239,1117/1195151998796239
0,1117/1195151998796239
199191999799187/1195151998796239,1117/1195151998796239
0,1117/1195151998796239
199191999799187/1195151998796239,1117/1195151998796239
0,1117/1195151998796239
1117/1195151998796239,0
0,0
1117/1195151998796239,0
0,1117/1195151998796239
1117/1195151998796239,1117/1195151998796239