144
1994/9981,997/9981
997/9981,1994/9981
1994/9981,997/3327
997/9981,3988/9981
1994/9981,4985/9981
997/9981,1994/3327
1994/9981,6979/9981
997/9981,7976/9981
1994/9981,997/1109
997/3327,1994/9981
997/3327,3988/9981
997/3327,1994/3327
997/3327,7976/9981
3988/9981,997/9981
3988/9981,997/3327
3988/9981,4985/9981
3988/9981,6979/9981
3988/9981,997/1109
4985/9981,1994/9981
4985/9981,3988/9981
4985/9981,1994/3327
4985/9981,7976/9981
1994/3327,997/9981
1994/3327,997/3327
1994/3327,4985/9981
1994/3327,6979/9981
1994/3327,997/1109
6979/9981,1994/9981
6979/9981,3988/9981
6979/9981,1994/3327
6979/9981,7976/9981
7976/9981,997/9981
7976/9981,997/3327
7976/9981,4985/9981
7976/9981,6979/9981
7976/9981,997/1109
997/1109,1994/9981
997/1109,3988/9981
997/1109,1994/3327
997/1109,7976/9981
997/9981,9970/9981
997/3327,9970/9981
4985/9981,9970/9981
6979/9981,9970/9981
997/1109,9970/9981
9970/9981,997/9981
9970/9981,997/3327
9970/9981,4985/9981
9970/9981,6979/9981
9970/9981,997/1109
0,997/9981
997/9981,0
997/9981,997/9981
0,997/3327
997/9981,997/3327
0,4985/9981
997/9981,4985/9981
0,6979/9981
997/9981,6979/9981
0,997/1109
997/9981,997/1109
997/3327,0
1994/9981,1994/9981
1994/9981,3988/9981
1994/9981,1994/3327
1994/9981,7976/9981
1994/9981,9970/9981
997/3327,997/9981
997/3327,997/3327
997/3327,4985/9981
997/3327,6979/9981
997/3327,997/1109
4985/9981,0
3988/9981,1994/9981
3988/9981,3988/9981
3988/9981,1994/3327
3988/9981,7976/9981
3988/9981,9970/9981
4985/9981,997/9981
4985/9981,997/3327
4985/9981,4985/9981
4985/9981,6979/9981
4985/9981,997/1109
6979/9981,0
1994/3327,1994/9981
1994/3327,3988/9981
1994/3327,1994/3327
1994/3327,7976/9981
1994/3327,9970/9981
6979/9981,997/9981
6979/9981,997/3327
6979/9981,4985/9981
6979/9981,6979/9981
6979/9981,997/1109
997/1109,0
7976/9981,1994/9981
7976/9981,3988/9981
7976/9981,1994/3327
7976/9981,7976/9981
7976/9981,9970/9981
997/1109,997/9981
997/1109,997/3327
997/1109,4985/9981
997/1109,6979/9981
997/1109,997/1109
9970/9981,1994/9981
9970/9981,3988/9981
9970/9981,1994/3327
9970/9981,7976/9981
9970/9981,9970/9981
0,1994/9981
0,3988/9981
0,1994/3327
0,7976/9981
0,9970/9981
997/9981,1
1994/9981,0
1994/9981,1
997/3327,1
3988/9981,0
3988/9981,1
4985/9981,1
1994/3327,0
1994/3327,1
6979/9981,1
7976/9981,0
7976/9981,1
997/1109,1
9970/9981,0
1,997/9981
1,1994/9981
1,997/3327
1,3988/9981
1,4985/9981
1,1994/3327
1,6979/9981
1,7976/9981
1,997/1109
1,9970/9981
9970/9981,1
0,0
0,1
1,0
1,1
221
3 140 50 51
3 50 51 52
3 51 52 0
3 50 1 52
3 50 110 1
3 110 53 1
3 52 1 0
3 53 1 54
3 1 54 2
3 53 3 54
3 53 111 3
3 111 55 3
3 54 3 2
3 55 3 56
3 3 56 4
3 55 5 56
3 55 112 5
3 112 57 5
3 56 5 4
3 57 5 58
3 5 58 6
3 57 7 58
3 57 113 7
3 113 59 7
3 58 7 6
3 59 7 60
3 7 60 8
3 59 40 60
3 59 114 40
4 141 115 40 114
3 60 40 8
3 51 0 116
3 116 0 61
3 1 0 62
3 0 62 9
3 1 2 62
3 62 2 9
3 3 2 63
3 2 63 10
3 3 4 63
3 63 4 10
3 5 4 64
3 4 64 11
3 5 6 64
3 64 6 11
3 7 6 65
3 6 65 12
3 7 8 65
3 65 8 12
3 40 8 66
3 8 66 41
4 115 117 66 40
3 0 61 67
3 61 67 13
3 0 9 67
3 67 9 13
3 2 9 68
3 9 68 14
3 2 10 68
3 68 10 14
3 4 10 69
3 10 69 15
3 4 11 69
3 69 11 15
3 6 11 70
3 11 70 16
3 6 12 70
3 70 12 16
3 8 12 71
3 12 71 17
3 8 41 71
4 117 118 41 66
3 71 41 17
3 61 13 119
3 119 13 72
3 9 13 73
3 13 73 18
3 9 14 73
3 73 14 18
3 10 14 74
3 14 74 19
3 10 15 74
3 74 15 19
3 11 15 75
3 15 75 20
3 11 16 75
3 75 16 20
3 12 16 76
3 16 76 21
3 12 17 76
3 76 17 21
3 41 17 77
3 17 77 42
4 118 120 77 41
3 13 72 78
3 72 78 22
3 13 18 78
3 78 18 22
3 14 18 79
3 18 79 23
3 14 19 79
3 79 19 23
3 15 19 80
3 19 80 24
3 15 20 80
3 80 20 24
3 16 20 81
3 20 81 25
3 16 21 81
3 81 21 25
3 17 21 82
3 21 82 26
3 17 42 82
4 120 121 42 77
3 82 42 26
3 72 22 122
3 122 22 83
3 18 22 84
3 22 84 27
3 18 23 84
3 84 23 27
3 19 23 85
3 23 85 28
3 19 24 85
3 85 24 28
3 20 24 86
3 24 86 29
3 20 25 86
3 86 25 29
3 21 25 87
3 25 87 30
3 21 26 87
3 87 26 30
3 42 26 88
3 26 88 43
4 121 123 88 42
3 22 83 89
3 83 89 31
3 22 27 89
3 89 27 31
3 23 27 90
3 27 90 32
3 23 28 90
3 90 28 32
3 24 28 91
3 28 91 33
3 24 29 91
3 91 29 33
3 25 29 92
3 29 92 34
3 25 30 92
3 92 30 34
3 26 30 93
3 30 93 35
3 26 43 93
4 123 124 43 88
3 93 43 35
3 83 31 125
3 125 31 94
3 27 31 95
3 31 95 36
3 27 32 95
3 95 32 36
3 28 32 96
3 32 96 37
3 28 33 96
3 96 33 37
3 29 33 97
3 33 97 38
3 29 34 97
3 97 34 38
3 30 34 98
3 34 98 39
3 30 35 98
3 98 35 39
3 43 35 99
3 35 99 44
4 124 126 99 43
3 31 94 100
3 94 100 45
3 31 36 100
3 100 36 45
3 32 36 101
3 36 101 46
3 32 37 101
3 101 37 46
3 33 37 102
3 37 102 47
3 33 38 102
3 102 38 47
3 34 38 103
3 38 103 48
3 34 39 103
3 103 39 48
3 35 39 104
3 39 104 49
3 35 44 104
4 126 127 44 99
3 104 44 49
3 94 45 128
4 142 129 45 128
3 36 45 105
4 129 130 105 45
3 36 46 105
4 130 131 46 105
3 37 46 106
4 131 132 106 46
3 37 47 106
4 132 133 47 106
3 38 47 107
4 133 134 107 47
3 38 48 107
4 134 135 48 107
3 39 48 108
4 135 136 108 48
3 39 49 108
4 136 137 49 108
3 44 49 109
4 137 138 109 49
4 127 139 109 44
4 109 139 143 138
997/9981,0
0,997/9981
997/9981,0
0,997/9981
997/9981,0
0,997/9981
997/9981,0
0,997/9981
997/9981,0
0,997/9981
0,997/9981
0,997/9981
0,997/9981
997/9981,0
997/9981,0
997/9981,0
997/9981,0
997/9981,0
0,997/9981
0,997/9981
0,997/9981
0,997/9981
997/9981,0
997/9981,0
997/9981,0
997/9981,0
997/9981,0
0,997/9981
0,997/9981
0,997/9981
0,997/9981
997/9981,0
997/9981,0
997/9981,0
997/9981,0
997/9981,0
0,997/9981
0,997/9981
0,997/9981
0,997/9981
0,997/9981
0,997/9981
0,997/9981
0,997/9981
0,997/9981
997/9981,0
997/9981,0
997/9981,0
997/9981,0
997/9981,0
997/9981,0
0,997/9981
0,0
997/9981,0
0,0
997/9981,0
0,0
997/9981,0
0,0
997/9981,0
0,0
0,997/9981
0,0
0,0
0,0
0,0
0,0
0,0
0,0
0,0
0,0
0,0
0,997/9981
0,0
0,0
0,0
0,0
0,0
0,0
0,0
0,0
0,0
0,0
0,997/9981
0,0
0,0
0,0
0,0
0,0
0,0
0,0
0,0
0,0
0,0
0,997/9981
0,0
0,0
0,0
0,0
0,0
0,0
0,0
0,0
0,0
0,0
0,0
0,0
0,0
0,0
0,0
0,0
0,0
0,0
0,0
0,0
11/9981,997/9981
0,0
11/9981,0
11/9981,997/9981
0,0
11/9981,0
11/9981,997/9981
0,0
11/9981,0
11/9981,997/9981
0,0
11/9981,0
11/9981,997/9981
0,0
997/9981,11/9981
0,11/9981
997/9981,11/9981
0,11/9981
997/9981,11/9981
0,11/9981
997/9981,11/9981
0,11/9981
997/9981,11/9981
0,11/9981
11/9981,0
0,0
11/9981,0
0,11/9981
11/9981,11/9981