8
3104275124588197/576460752303423488,0
0,2954135520738699/9007199254740992
1768729096685264258726591798022897/5192296858534827628530496329220096,0
3442191705339215/9007199254740992,1
0,0
0,1
1,0
1,1
3
3 4 0 1
5 1 0 2 3 5
4 3 2 6 7
10504615079294072716472379448360032829297133017688640427726553303098313617005593459973/15568136860444267074073097802045550008218468830039935840338255776591008758434952642560,-750477661674762842330730417447579913693440826787705683593218781758/27006412489032535554621911395241275908142683567156216717962152363745
465895210385794884862469021030358397765198358182955589011490471936/658692987537378915966388082810762827027870330906249188242979325945,1771653444832808332462299678916638428861854226838365503966373942282035987016390349/5932978986449796903229076906267358997034477450472536524519152353883768581720637440
1768729096685264258726591798022897/5192296858534827628530496329220096,0
3442191705339215/9007199254740992,1
9097069592129437304144511597807519014792775037267978033190843401441410334008176153042538567231563744236624723040889/13589845980629053673140361163433914659660226694879073782083258856900369699200092851644149403202958077725316407623680,-23628132840064678180626111485256182268766435573834212623808042092612312050796861510071603807864691106627856721691543/869750142760259435080983114459770538218254508472260722053328566841623660748805942505225561804989316974420250087915520
4121205811904606734834253549575180270978545170828599600452078665728/5401282497806507110924382279048255181628536713431243343592430472749,5230189750147368293715138851138673464670500822082283861898315927085/5401282497806507110924382279048255181628536713431243343592430472749
1,0
1,1