4
0,0
1,0
1,1
0,1
1
4 0 1 2 3
0,-12133843896382113885590121811044892231982819083862398789252315027649914011877/13787562970930717473243379417433714349388498435826478811363142177794671247360
1,-12133843896382113885590121811044892231982819083862398789252315027649914011877/13787562970930717473243379417433714349388498435826478811363142177794671247360
1,1653719074548603587653257606388822117405679351964080022110827150144757235483/13787562970930717473243379417433714349388498435826478811363142177794671247360
0,1653719074548603587653257606388822117405679351964080022110827150144757235483/13787562970930717473243379417433714349388498435826478811363142177794671247360