10
1,1414213562373095/5656854249492383
0,1414213562373095/5656854249492383
0,4242640687119288/5656854249492383
1414213562373095/5656854249492383,1
1/2,1
1,4242640687119288/5656854249492383
0,0
1,0
0,1
1,1
4
4 6 7 0 1
6 0 1 2 3 4 5
3 2 3 8
3 9 4 5
69869136894920988389289951298993464/5656854249492383,4523732452352352566
69869136894920988389289951298993464/5656854249492383,4523732452352352565
69869136894920988392118378423739657/5656854249492383,4523732452352352565
12351235123512451344,25590095146656004609967120660385490/5656854249492383
12351235123512451344,9047464904704705131/2
69869136894920988392118378423739657/5656854249492383,4523732452352352566
69869136894920988390704164861366559/5656854249492383,4523732452352352565
69869136894920988390704164861366559/5656854249492383,4523732452352352566
69869136894920988392118378423739657/5656854249492383,25590095146656004609967120660385490/5656854249492383
494049404940498438861502667774542728079341464535646/40000000000000031180485094534789,180949298094094243684172302235836775008841560902474/40000000000000031180485094534789