8
1/2,0
1,1/2
1/2,1
0,1/2
0,0
0,1
1,1
1,0
5
4 0 1 2 3
3 4 0 3
3 2 5 3
3 1 6 2
3 0 7 1
246913578024691357802469135780246913578024691357802469135781/2,1/2
123456789012345678901234567890123456789012345678901234567891,1
246913578024691357802469135780246913578024691357802469135781/2,3/2
123456789012345678901234567890123456789012345678901234567890,1
246913578024691357802469135780246913578024691357802469135781/2,1
246913578024691357802469135780246913578024691357802469135781/2,1
246913578024691357802469135780246913578024691357802469135781/2,1
246913578024691357802469135780246913578024691357802469135781/2,1